Analysis,Perforated $ Least Sensitive Kernels,Execution Time,PSNR
Accurate,0,0.286997,100
Accurate,0,0.288004,100
Accurate,0,0.286754,100
Accurate,0,0.2884,100
Accurate,0,0.289494,100
WOQ,1,0.281605,62.4035
WOQ,1,0.281169,62.4035
WOQ,1,0.280796,62.4035
WOQ,1,0.281782,62.4035
WOQ,1,0.280637,62.4035
WOQ,2,0.276541,62.4035
WOQ,2,0.276065,62.4035
WOQ,2,0.275861,62.4035
WOQ,2,0.276271,62.4035
WOQ,2,0.281343,62.4035
WOQ,3,0.272122,59.7
WOQ,3,0.271841,59.7
WOQ,3,0.273368,59.7
WOQ,3,0.271895,59.7
WOQ,3,0.272597,59.7
WOQ,4,0.268135,59.7
WOQ,4,0.267491,59.7
WOQ,4,0.268398,59.7
WOQ,4,0.338727,59.7
WOQ,4,0.267593,59.7
WOQ,5,0.262731,45.6656
WOQ,5,0.265381,45.6656
WOQ,5,0.263523,45.6656
WOQ,5,0.262851,45.6656
WOQ,5,0.263399,45.6656
WOQ,6,0.259929,40.7782
WOQ,6,0.260152,40.7782
WOQ,6,0.261592,40.7782
WOQ,6,0.262916,40.7782
WOQ,6,0.259496,40.7782
WOQ,7,0.256396,40.7782
WOQ,7,0.255518,40.7782
WOQ,7,0.256636,40.7782
WOQ,7,0.25588,40.7782
WOQ,7,0.255819,40.7782
WOQ,8,0.251239,37.7222
WOQ,8,0.250535,37.7222
WOQ,8,0.250725,37.7222
WOQ,8,0.251412,37.7222
WOQ,8,0.251496,37.7222
WOQ,9,0.247445,37.7222
WOQ,9,0.246275,37.7222
WOQ,9,0.246908,37.7222
WOQ,9,0.247535,37.7222
WOQ,9,0.246517,37.7222
WOQ,10,0.242713,37.7222
WOQ,10,0.243995,37.7222
WOQ,10,0.24266,37.7222
WOQ,10,0.243663,37.7222
WOQ,10,0.243597,37.7222
WOQ,11,0.238097,37.7222
WOQ,11,0.237737,37.7222
WOQ,11,0.237534,37.7222
WOQ,11,0.239306,37.7222
WOQ,11,0.238412,37.7222
WOQ,12,0.232755,37.5526
WOQ,12,0.233999,37.5526
WOQ,12,0.232664,37.5526
WOQ,12,0.232985,37.5526
WOQ,12,0.236172,37.5526
WOQ,13,0.229262,37.4877
WOQ,13,0.228905,37.4877
WOQ,13,0.229114,37.4877
WOQ,13,0.228569,37.4877
WOQ,13,0.228097,37.4877
WOQ,14,0.223886,36.7983
WOQ,14,0.225836,36.7983
WOQ,14,0.224408,36.7983
WOQ,14,0.224794,36.7983
WOQ,14,0.224837,36.7983
WOQ,15,0.219956,36.107
WOQ,15,0.220358,36.107
WOQ,15,0.22022,36.107
WOQ,15,0.220023,36.107
WOQ,15,0.219862,36.107
WOQ,16,0.216509,36.0201
WOQ,16,0.215811,36.0201
WOQ,16,0.215854,36.0201
WOQ,16,0.21645,36.0201
WOQ,16,0.215844,36.0201
WOQ,17,0.211008,36.0201
WOQ,17,0.212597,36.0201
WOQ,17,0.211698,36.0201
WOQ,17,0.211966,36.0201
WOQ,17,0.212272,36.0201
WOQ,18,0.207141,35.8137
WOQ,18,0.207684,35.8137
WOQ,18,0.207911,35.8137
WOQ,18,0.207013,35.8137
WOQ,18,0.207181,35.8137
WOQ,19,0.202117,35.796
WOQ,19,0.202113,35.796
WOQ,19,0.202962,35.796
WOQ,19,0.203009,35.796
WOQ,19,0.203486,35.796
WOQ,20,0.198836,35.796
WOQ,20,0.199057,35.796
WOQ,20,0.198145,35.796
WOQ,20,0.199321,35.796
WOQ,20,0.198899,35.796
WOQ,21,0.19392,35.7604
WOQ,21,0.207086,35.7604
WOQ,21,0.193756,35.7604
WOQ,21,0.195331,35.7604
WOQ,21,0.194187,35.7604
WOQ,22,0.189225,33.4228
WOQ,22,0.190883,33.4228
WOQ,22,0.18974,33.4228
WOQ,22,0.190918,33.4228
WOQ,22,0.189703,33.4228
WOQ,23,0.185184,32.9836
WOQ,23,0.184801,32.9836
WOQ,23,0.184857,32.9836
WOQ,23,0.184656,32.9836
WOQ,23,0.18438,32.9836
WOQ,24,0.180992,32.9698
WOQ,24,0.180539,32.9698
WOQ,24,0.180372,32.9698
WOQ,24,0.180983,32.9698
WOQ,24,0.180721,32.9698
WOQ,25,0.176255,32.9607
WOQ,25,0.175753,32.9607
WOQ,25,0.177196,32.9607
WOQ,25,0.17611,32.9607
WOQ,25,0.175879,32.9607
WOQ,26,0.171783,32.9569
WOQ,26,0.175595,32.9569
WOQ,26,0.171914,32.9569
WOQ,26,0.17155,32.9569
WOQ,26,0.172185,32.9569
WOQ,27,0.16742,32.9569
WOQ,27,0.167885,32.9569
WOQ,27,0.166993,32.9569
WOQ,27,0.166473,32.9569
WOQ,27,0.166793,32.9569
WOQ,28,0.162148,32.9098
WOQ,28,0.16296,32.9098
WOQ,28,0.162876,32.9098
WOQ,28,0.162952,32.9098
WOQ,28,0.162238,32.9098
WOQ,29,0.157607,32.9002
WOQ,29,0.158146,32.9002
WOQ,29,0.158376,32.9002
WOQ,29,0.15926,32.9002
WOQ,29,0.158379,32.9002
WOQ,30,0.153572,32.8861
WOQ,30,0.153114,32.8861
WOQ,30,0.153436,32.8861
WOQ,30,0.154535,32.8861
WOQ,30,0.15396,32.8861
WOQ,31,0.149129,32.838
WOQ,31,0.149832,32.838
WOQ,31,0.149508,32.838
WOQ,31,0.148749,32.838
WOQ,31,0.148918,32.838
WOQ,32,0.145594,31.2012
WOQ,32,0.145007,31.2012
WOQ,32,0.144617,31.2012
WOQ,32,0.145796,31.2012
WOQ,32,0.145134,31.2012
WOQ,33,0.141263,31.2012
WOQ,33,0.140475,31.2012
WOQ,33,0.141531,31.2012
WOQ,33,0.141085,31.2012
WOQ,33,0.14097,31.2012
WOQ,34,0.136494,31.1983
WOQ,34,0.136492,31.1983
WOQ,34,0.136366,31.1983
WOQ,34,0.137701,31.1983
WOQ,34,0.136466,31.1983
WOQ,35,0.132702,31.1948
WOQ,35,0.131958,31.1948
WOQ,35,0.132564,31.1948
WOQ,35,0.132242,31.1948
WOQ,35,0.131708,31.1948
WOQ,36,0.129272,31.1871
WOQ,36,0.127987,31.1871
WOQ,36,0.137697,31.1871
WOQ,36,0.128201,31.1871
WOQ,36,0.128069,31.1871
WOQ,37,0.123999,31.1798
WOQ,37,0.123367,31.1798
WOQ,37,0.123274,31.1798
WOQ,37,0.123372,31.1798
WOQ,37,0.124169,31.1798
WOQ,38,0.119308,29.1684
WOQ,38,0.1189,29.1684
WOQ,38,0.120166,29.1684
WOQ,38,0.118899,29.1684
WOQ,38,0.11842,29.1684
WOQ,39,0.113783,28.8101
WOQ,39,0.115209,28.8101
WOQ,39,0.115543,28.8101
WOQ,39,0.114902,28.8101
WOQ,39,0.114814,28.8101
WOQ,40,0.110046,28.7562
WOQ,40,0.110143,28.7562
WOQ,40,0.109816,28.7562
WOQ,40,0.109871,28.7562
WOQ,40,0.109963,28.7562
WOQ,41,0.105502,28.7562
WOQ,41,0.105712,28.7562
WOQ,41,0.105073,28.7562
WOQ,41,0.105399,28.7562
WOQ,41,0.106587,28.7562
WOQ,42,0.10182,28.6396
WOQ,42,0.101421,28.6396
WOQ,42,0.101102,28.6396
WOQ,42,0.101364,28.6396
WOQ,42,0.102477,28.6396
WOQ,43,0.0966501,28.4678
WOQ,43,0.0974056,28.4678
WOQ,43,0.0975845,28.4678
WOQ,43,0.0976735,28.4678
WOQ,43,0.0974146,28.4678
WOQ,44,0.092326,28.3136
WOQ,44,0.0922269,28.3136
WOQ,44,0.094918,28.3136
WOQ,44,0.0922365,28.3136
WOQ,44,0.0921446,28.3136
WOQ,45,0.0881094,27.919
WOQ,45,0.0882296,27.919
WOQ,45,0.0984021,27.919
WOQ,45,0.0884142,27.919
WOQ,45,0.088683,27.919
WOQ,46,0.0838093,27.773
WOQ,46,0.0836033,27.773
WOQ,46,0.0838111,27.773
WOQ,46,0.0850262,27.773
WOQ,46,0.0848083,27.773
WOQ,47,0.0799693,27.7588
WOQ,47,0.0798451,27.7588
WOQ,47,0.0797479,27.7588
WOQ,47,0.0798394,27.7588
WOQ,47,0.0793051,27.7588
WOQ,48,0.0749885,27.574
WOQ,48,0.0758294,27.574
WOQ,48,0.0754372,27.574
WOQ,48,0.0753502,27.574
WOQ,48,0.0754191,27.574
WOQ,49,0.0709969,27.574
WOQ,49,0.0708583,27.574
WOQ,49,0.0717767,27.574
WOQ,49,0.0715734,27.574
WOQ,49,0.0710068,27.574
WOQ,50,0.0665305,27.574
WOQ,50,0.066464,27.574
WOQ,50,0.0670381,27.574
WOQ,50,0.0667905,27.574
WOQ,50,0.0668883,27.574
WOQ,51,0.0626975,27.3347
WOQ,51,0.0633771,27.3347
WOQ,51,0.0623145,27.3347
WOQ,51,0.0621456,27.3347
WOQ,51,0.0625152,27.3347
WOQ,52,0.0578147,27.2812
WOQ,52,0.0582536,27.2812
WOQ,52,0.0583275,27.2812
WOQ,52,0.0580804,27.2812
WOQ,52,0.0576324,27.2812
WOQ,53,0.0531056,27.2753
WOQ,53,0.0533074,27.2753
WOQ,53,0.0534059,27.2753
WOQ,53,0.0535419,27.2753
WOQ,53,0.052891,27.2753
WOQ,54,0.0486027,24.8663
WOQ,54,0.0494331,24.8663
WOQ,54,0.0487385,24.8663
WOQ,54,0.0504669,24.8663
WOQ,54,0.0488071,24.8663
WOQ,55,0.044717,24.8127
WOQ,55,0.0454476,24.8127
WOQ,55,0.0445768,24.8127
WOQ,55,0.0452118,24.8127
WOQ,55,0.0445077,24.8127
WOQ,56,0.0405569,24.1258
WOQ,56,0.0408522,24.1258
WOQ,56,0.0402173,24.1258
WOQ,56,0.0409258,24.1258
WOQ,56,0.039957,24.1258
WOQ,57,0.0358757,24.1115
WOQ,57,0.0353673,24.1115
WOQ,57,0.0362088,24.1115
WOQ,57,0.0353471,24.1115
WOQ,57,0.035193,24.1115
WOQ,58,0.0307934,24.1115
WOQ,58,0.0309638,24.1115
WOQ,58,0.0318996,24.1115
WOQ,58,0.0311848,24.1115
WOQ,58,0.0317957,24.1115
WOQ,59,0.0264963,24.1016
WOQ,59,0.0264073,24.1016
WOQ,59,0.0267294,24.1016
WOQ,59,0.0272912,24.1016
WOQ,59,0.0268756,24.1016
WOQ,60,0.0227215,24.019
WOQ,60,0.0226219,24.019
WOQ,60,0.0229746,24.019
WOQ,60,0.0225625,24.019
WOQ,60,0.0223286,24.019
WOQ,61,0.0180568,23.9787
WOQ,61,0.0181444,23.9787
WOQ,61,0.0181815,23.9787
WOQ,61,0.0181833,23.9787
WOQ,61,0.018346,23.9787
WOQ,62,0.0148482,23.9753
WOQ,62,0.0137182,23.9753
WOQ,62,0.0137831,23.9753
WOQ,62,0.0139373,23.9753
WOQ,62,0.013661,23.9753
WOQ,63,0.00915887,23.8363
WOQ,63,0.00998184,23.8363
WOQ,63,0.0100395,23.8363
WOQ,63,0.00913508,23.8363
WOQ,63,0.00951073,23.8363
WQ,1,0.300912,59.7514
WQ,1,0.280695,59.7514
WQ,1,0.281604,59.7514
WQ,1,0.280839,59.7514
WQ,1,0.281745,59.7514
WQ,2,0.276006,58.0815
WQ,2,0.277248,58.0815
WQ,2,0.276472,58.0815
WQ,2,0.276764,58.0815
WQ,2,0.276519,58.0815
WQ,3,0.272015,58.0815
WQ,3,0.272021,58.0815
WQ,3,0.274379,58.0815
WQ,3,0.271787,58.0815
WQ,3,0.272115,58.0815
WQ,4,0.267618,48.6264
WQ,4,0.267753,48.6264
WQ,4,0.267435,48.6264
WQ,4,0.267276,48.6264
WQ,4,0.268524,48.6264
WQ,5,0.263562,48.6264
WQ,5,0.263617,48.6264
WQ,5,0.26342,48.6264
WQ,5,0.264039,48.6264
WQ,5,0.263065,48.6264
WQ,6,0.259282,47.8613
WQ,6,0.258859,47.8613
WQ,6,0.259206,47.8613
WQ,6,0.258853,47.8613
WQ,6,0.259684,47.8613
WQ,7,0.25462,47.8613
WQ,7,0.254928,47.8613
WQ,7,0.254804,47.8613
WQ,7,0.255775,47.8613
WQ,7,0.255122,47.8613
WQ,8,0.251375,47.5322
WQ,8,0.251018,47.5322
WQ,8,0.25079,47.5322
WQ,8,0.250574,47.5322
WQ,8,0.251717,47.5322
WQ,9,0.246989,47.5322
WQ,9,0.247053,47.5322
WQ,9,0.246473,47.5322
WQ,9,0.290291,47.5322
WQ,9,0.246794,47.5322
WQ,10,0.242553,47.5322
WQ,10,0.242743,47.5322
WQ,10,0.246968,47.5322
WQ,10,0.242688,47.5322
WQ,10,0.242499,47.5322
WQ,11,0.239394,47.393
WQ,11,0.237904,47.393
WQ,11,0.239183,47.393
WQ,11,0.241265,47.393
WQ,11,0.238284,47.393
WQ,12,0.234023,46.0285
WQ,12,0.233956,46.0285
WQ,12,0.233979,46.0285
WQ,12,0.233879,46.0285
WQ,12,0.23442,46.0285
WQ,13,0.229438,46.0285
WQ,13,0.229721,46.0285
WQ,13,0.230272,46.0285
WQ,13,0.230028,46.0285
WQ,13,0.22915,46.0285
WQ,14,0.228072,45.6664
WQ,14,0.225027,45.6664
WQ,14,0.226139,45.6664
WQ,14,0.225377,45.6664
WQ,14,0.22657,45.6664
WQ,15,0.220064,33.2235
WQ,15,0.220015,33.2235
WQ,15,0.219462,33.2235
WQ,15,0.220557,33.2235
WQ,15,0.220471,33.2235
WQ,16,0.215603,32.747
WQ,16,0.215518,32.747
WQ,16,0.215788,32.747
WQ,16,0.215418,32.747
WQ,16,0.215461,32.747
WQ,17,0.211194,32.747
WQ,17,0.21127,32.747
WQ,17,0.211866,32.747
WQ,17,0.210579,32.747
WQ,17,0.210724,32.747
WQ,18,0.20611,32.747
WQ,18,0.206934,32.747
WQ,18,0.20648,32.747
WQ,18,0.20599,32.747
WQ,18,0.206994,32.747
WQ,19,0.202341,32.747
WQ,19,0.201703,32.747
WQ,19,0.202053,32.747
WQ,19,0.202149,32.747
WQ,19,0.20205,32.747
WQ,20,0.198396,32.747
WQ,20,0.197611,32.747
WQ,20,0.197435,32.747
WQ,20,0.197267,32.747
WQ,20,0.197932,32.747
WQ,21,0.193943,32.3177
WQ,21,0.193016,32.3177
WQ,21,0.193699,32.3177
WQ,21,0.194738,32.3177
WQ,21,0.194246,32.3177
WQ,22,0.189672,32.2755
WQ,22,0.189926,32.2755
WQ,22,0.18895,32.2755
WQ,22,0.189788,32.2755
WQ,22,0.189102,32.2755
WQ,23,0.18427,32.1107
WQ,23,0.184919,32.1107
WQ,23,0.184727,32.1107
WQ,23,0.184811,32.1107
WQ,23,0.184789,32.1107
WQ,24,0.179659,30.9456
WQ,24,0.1806,30.9456
WQ,24,0.180564,30.9456
WQ,24,0.180289,30.9456
WQ,24,0.180414,30.9456
WQ,25,0.175547,30.8071
WQ,25,0.175501,30.8071
WQ,25,0.175255,30.8071
WQ,25,0.175109,30.8071
WQ,25,0.176381,30.8071
WQ,26,0.171144,30.8071
WQ,26,0.171527,30.8071
WQ,26,0.170715,30.8071
WQ,26,0.171003,30.8071
WQ,26,0.170621,30.8071
WQ,27,0.166841,30.8048
WQ,27,0.166642,30.8048
WQ,27,0.167415,30.8048
WQ,27,0.16708,30.8048
WQ,27,0.167604,30.8048
WQ,28,0.204346,30.7761
WQ,28,0.162267,30.7761
WQ,28,0.164499,30.7761
WQ,28,0.163147,30.7761
WQ,28,0.162719,30.7761
WQ,29,0.158136,30.5881
WQ,29,0.158166,30.5881
WQ,29,0.158572,30.5881
WQ,29,0.158401,30.5881
WQ,29,0.158418,30.5881
WQ,30,0.153891,30.5801
WQ,30,0.153842,30.5801
WQ,30,0.153689,30.5801
WQ,30,0.153646,30.5801
WQ,30,0.153356,30.5801
WQ,31,0.150222,30.5718
WQ,31,0.149142,30.5718
WQ,31,0.149464,30.5718
WQ,31,0.149163,30.5718
WQ,31,0.150006,30.5718
WQ,32,0.145038,26.4492
WQ,32,0.144426,26.4492
WQ,32,0.145552,26.4492
WQ,32,0.146316,26.4492
WQ,32,0.145397,26.4492
WQ,33,0.140881,26.4471
WQ,33,0.140746,26.4471
WQ,33,0.140307,26.4471
WQ,33,0.140262,26.4471
WQ,33,0.140257,26.4471
WQ,34,0.137897,26.4462
WQ,34,0.136576,26.4462
WQ,34,0.136951,26.4462
WQ,34,0.136154,26.4462
WQ,34,0.135878,26.4462
WQ,35,0.132908,26.4462
WQ,35,0.132585,26.4462
WQ,35,0.133801,26.4462
WQ,35,0.132355,26.4462
WQ,35,0.131857,26.4462
WQ,36,0.127642,26.4413
WQ,36,0.12771,26.4413
WQ,36,0.129235,26.4413
WQ,36,0.127762,26.4413
WQ,36,0.127623,26.4413
WQ,37,0.123202,26.4388
WQ,37,0.123391,26.4388
WQ,37,0.123417,26.4388
WQ,37,0.123338,26.4388
WQ,37,0.122702,26.4388
WQ,38,0.119729,26.3703
WQ,38,0.119505,26.3703
WQ,38,0.119344,26.3703
WQ,38,0.119726,26.3703
WQ,38,0.119597,26.3703
WQ,39,0.114245,26.1785
WQ,39,0.115511,26.1785
WQ,39,0.117331,26.1785
WQ,39,0.123216,26.1785
WQ,39,0.115195,26.1785
WQ,40,0.111312,26.149
WQ,40,0.110579,26.149
WQ,40,0.110961,26.149
WQ,40,0.110636,26.149
WQ,40,0.110743,26.149
WQ,41,0.105835,26.1262
WQ,41,0.106008,26.1262
WQ,41,0.105838,26.1262
WQ,41,0.105732,26.1262
WQ,41,0.106521,26.1262
WQ,42,0.103332,26.0622
WQ,42,0.101911,26.0622
WQ,42,0.103533,26.0622
WQ,42,0.101781,26.0622
WQ,42,0.101153,26.0622
WQ,43,0.0971166,25.9729
WQ,43,0.0979988,25.9729
WQ,43,0.0973218,25.9729
WQ,43,0.0975573,25.9729
WQ,43,0.0980991,25.9729
WQ,44,0.0934938,25.9644
WQ,44,0.0931731,25.9644
WQ,44,0.0933809,25.9644
WQ,44,0.0930471,25.9644
WQ,44,0.0934817,25.9644
WQ,45,0.0883514,25.9625
WQ,45,0.08818,25.9625
WQ,45,0.0882629,25.9625
WQ,45,0.0893248,25.9625
WQ,45,0.0884527,25.9625
WQ,46,0.0842445,25.8363
WQ,46,0.0842635,25.8363
WQ,46,0.0840152,25.8363
WQ,46,0.0849301,25.8363
WQ,46,0.0845803,25.8363
WQ,47,0.0796111,25.8272
WQ,47,0.0799056,25.8272
WQ,47,0.0797939,25.8272
WQ,47,0.08001,25.8272
WQ,47,0.0798739,25.8272
WQ,48,0.0760404,25.7079
WQ,48,0.0752571,25.7079
WQ,48,0.0754453,25.7079
WQ,48,0.0754958,25.7079
WQ,48,0.0753538,25.7079
WQ,49,0.0711819,25.7069
WQ,49,0.070738,25.7069
WQ,49,0.0717394,25.7069
WQ,49,0.0709061,25.7069
WQ,49,0.0706559,25.7069
WQ,50,0.0669532,25.7069
WQ,50,0.0668696,25.7069
WQ,50,0.0667385,25.7069
WQ,50,0.0668525,25.7069
WQ,50,0.066909,25.7069
WQ,51,0.0629671,25.6926
WQ,51,0.0624002,25.6926
WQ,51,0.0622434,25.6926
WQ,51,0.0624938,25.6926
WQ,51,0.0620983,25.6926
WQ,52,0.0581784,25.6926
WQ,52,0.0576112,25.6926
WQ,52,0.0575411,25.6926
WQ,52,0.0577484,25.6926
WQ,52,0.058643,25.6926
WQ,53,0.0533943,25.5572
WQ,53,0.0537158,25.5572
WQ,53,0.0529,25.5572
WQ,53,0.0533996,25.5572
WQ,53,0.0531071,25.5572
WQ,54,0.0495746,25.2004
WQ,54,0.0485775,25.2004
WQ,54,0.0490069,25.2004
WQ,54,0.0487043,25.2004
WQ,54,0.0486568,25.2004
WQ,55,0.0449446,25.1426
WQ,55,0.0450749,25.1426
WQ,55,0.0448002,25.1426
WQ,55,0.0448692,25.1426
WQ,55,0.0451298,25.1426
WQ,56,0.0406414,24.4059
WQ,56,0.0401469,24.4059
WQ,56,0.0399096,24.4059
WQ,56,0.0400297,24.4059
WQ,56,0.0396862,24.4059
WQ,57,0.0351336,24.3388
WQ,57,0.03655,24.3388
WQ,57,0.0355781,24.3388
WQ,57,0.0363105,24.3388
WQ,57,0.0352207,24.3388
WQ,58,0.0316808,24.3027
WQ,58,0.0308396,24.3027
WQ,58,0.031416,24.3027
WQ,58,0.0314071,24.3027
WQ,58,0.0311747,24.3027
WQ,59,0.0263742,24.1417
WQ,59,0.0263856,24.1417
WQ,59,0.026499,24.1417
WQ,59,0.0264193,24.1417
WQ,59,0.0267267,24.1417
WQ,60,0.0218664,24.0315
WQ,60,0.0225738,24.0315
WQ,60,0.0219628,24.0315
WQ,60,0.0223973,24.0315
WQ,60,0.0221022,24.0315
WQ,61,0.0184444,23.9787
WQ,61,0.0186783,23.9787
WQ,61,0.018744,23.9787
WQ,61,0.0190618,23.9787
WQ,61,0.0181914,23.9787
WQ,62,0.0137429,23.9753
WQ,62,0.0138499,23.9753
WQ,62,0.0139111,23.9753
WQ,62,0.0140409,23.9753
WQ,62,0.0140335,23.9753
WQ,63,0.0101772,23.8363
WQ,63,0.0101588,23.8363
WQ,63,0.00924117,23.8363
WQ,63,0.00998646,23.8363
WQ,63,0.00963115,23.8363
